0.0 0.52 0.52 2.28 2.28 2.58 2.62 7.07 7.07 1.08 6.51 6.67 4.94 4.94 5.3 6.59 8.44 8.99 8.99 8.59 11.93 16.37 11.95 8.8 8.8 59.74 6.42 10.06 11.72 11.72 28.51 28.51 33.58 27.77 27.24 45.18 45.18 39.78 39.78 115.77 42.04 59.11 95.44 95.44 95.44 95.44 90.04 111.87 107.99 127.33 111.45 111.45 100.18 100.18 130.99 130.99 
0.52 0.0 0.0 2.13 2.13 2.96 2.99 6.55 6.55 1.29 6.49 6.64 5.46 5.46 5.81 7.12 8.96 9.51 9.51 9.06 12.44 16.67 12.39 9.33 9.33 60.21 5.96 9.61 11.56 11.56 28.8 28.8 34.06 28.25 27.72 45.62 45.62 40.1 40.1 116.27 41.63 59.51 94.92 94.92 94.92 94.92 90.54 112.38 108.5 127.85 111.95 111.95 100.67 100.67 131.51 131.51 
0.52 0.0 0.0 2.13 2.13 2.96 2.99 6.55 6.55 1.29 6.49 6.64 5.46 5.46 5.81 7.12 8.96 9.51 9.51 9.06 12.44 16.67 12.39 9.33 9.33 60.21 5.96 9.61 11.56 11.56 28.8 28.8 34.06 28.25 27.72 45.62 45.62 40.1 40.1 116.27 41.63 59.51 94.92 94.92 94.92 94.92 90.54 112.38 108.5 127.85 111.95 111.95 100.67 100.67 131.51 131.51 
2.28 2.13 2.13 0.0 0.0 2.61 2.61 6.58 6.58 1.52 4.42 4.54 6.01 6.01 6.14 7.65 9.45 10.26 10.26 10.42 13.37 18.61 13.93 9.89 9.89 61.47 6.97 10.58 13.51 13.51 27.3 27.3 35.24 29.48 28.92 47.07 47.07 41.97 41.97 117.2 42.7 61.16 95.0 95.0 95.0 95.0 91.5 113.19 109.26 128.65 112.83 112.83 101.75 101.75 131.96 131.96 
2.28 2.13 2.13 0.0 0.0 2.61 2.61 6.58 6.58 1.52 4.42 4.54 6.01 6.01 6.14 7.65 9.45 10.26 10.26 10.42 13.37 18.61 13.93 9.89 9.89 61.47 6.97 10.58 13.51 13.51 27.3 27.3 35.24 29.48 28.92 47.07 47.07 41.97 41.97 117.2 42.7 61.16 95.0 95.0 95.0 95.0 91.5 113.19 109.26 128.65 112.83 112.83 101.75 101.75 131.96 131.96 
2.58 2.96 2.96 2.61 2.61 0.0 0.05 9.03 9.03 1.73 5.04 5.29 3.49 3.49 3.55 5.09 6.86 7.73 7.73 8.29 10.89 17.2 11.91 7.32 7.32 59.09 8.88 12.53 14.12 14.12 25.96 25.96 32.83 27.11 26.53 44.84 44.84 40.3 40.3 114.66 44.59 59.13 97.51 97.51 97.51 97.51 88.96 110.62 106.67 126.07 110.27 110.27 99.26 99.26 129.35 129.35 
2.62 2.99 2.99 2.61 2.61 0.05 0.0 9.04 9.04 1.76 5.0 5.24 3.51 3.51 3.57 5.1 6.87 7.75 7.75 8.33 10.91 17.25 11.95 7.33 7.33 59.12 8.91 12.57 14.17 14.17 25.92 25.92 32.85 27.14 26.56 44.87 44.87 40.34 40.34 114.68 44.62 59.17 97.52 97.52 97.52 97.52 88.98 110.63 106.68 126.08 110.28 110.28 99.28 99.28 129.36 129.36 
7.07 6.55 6.55 6.58 6.58 9.03 9.04 0.0 0.0 7.39 9.38 9.29 12.0 12.0 12.31 13.66 15.51 16.04 16.04 15.21 18.88 21.06 18.17 15.87 15.87 66.11 3.12 5.17 11.51 11.51 33.0 33.0 40.16 34.29 33.82 51.21 51.21 44.43 44.43 122.55 36.65 64.54 88.48 88.48 88.48 88.48 96.81 118.77 114.93 134.23 118.29 118.29 106.81 106.81 138.05 138.05 
7.07 6.55 6.55 6.58 6.58 9.03 9.04 0.0 0.0 7.39 9.38 9.29 12.0 12.0 12.31 13.66 15.51 16.04 16.04 15.21 18.88 21.06 18.17 15.87 15.87 66.11 3.12 5.17 11.51 11.51 33.0 33.0 40.16 34.29 33.82 51.21 51.21 44.43 44.43 122.55 36.65 64.54 88.48 88.48 88.48 88.48 96.81 118.77 114.93 134.23 118.29 118.29 106.81 106.81 138.05 138.05 
1.08 1.29 1.29 1.52 1.52 1.73 1.76 7.39 7.39 0.0 5.48 5.66 4.71 4.71 4.95 6.38 8.22 8.92 8.92 8.92 11.98 17.14 12.41 8.63 8.63 60.01 7.15 10.81 12.79 12.79 27.51 27.51 33.79 28.02 27.47 45.57 45.57 40.47 40.47 115.84 42.88 59.64 95.87 95.87 95.87 95.87 90.13 111.88 107.96 127.34 111.49 111.49 100.34 100.34 130.8 130.8 
6.51 6.49 6.49 4.42 4.42 5.04 5.0 9.38 9.38 5.48 0.0 0.31 8.02 8.02 7.77 9.27 10.7 11.88 11.88 13.13 15.08 22.24 16.79 11.24 11.24 63.23 10.81 14.19 17.91 17.91 23.63 23.63 36.94 31.36 30.74 49.32 49.32 45.28 45.28 118.11 46.03 63.86 96.49 96.49 96.49 96.49 92.49 113.82 109.77 129.25 113.6 113.6 102.99 102.99 131.81 131.81 
6.67 6.64 6.64 4.54 4.54 5.29 5.24 9.29 9.29 5.66 0.31 0.0 8.31 8.31 8.07 9.57 11.0 12.19 12.19 13.41 15.38 22.49 17.07 11.54 11.54 63.54 10.8 14.15 18.01 18.01 23.71 23.71 37.24 31.67 31.04 49.62 49.62 45.55 45.55 118.41 45.94 64.15 96.27 96.27 96.27 96.27 92.79 114.11 110.07 129.55 113.9 113.9 103.3 103.3 132.09 132.09 
4.94 5.46 5.46 6.01 6.01 3.49 3.51 12.0 12.0 4.71 8.02 8.31 0.0 0.0 0.66 1.67 3.52 4.25 4.25 5.15 7.4 14.72 8.81 3.92 3.92 55.61 11.16 14.7 14.46 14.46 25.7 25.7 29.34 23.64 23.05 41.43 41.43 37.35 37.35 111.2 46.29 55.86 100.35 100.35 100.35 100.35 85.49 107.19 103.26 122.65 106.82 106.82 95.77 95.77 126.1 126.1 
4.94 5.46 5.46 6.01 6.01 3.49 3.51 12.0 12.0 4.71 8.02 8.31 0.0 0.0 0.66 1.67 3.52 4.25 4.25 5.15 7.4 14.72 8.81 3.92 3.92 55.61 11.16 14.7 14.46 14.46 25.7 25.7 29.34 23.64 23.05 41.43 41.43 37.35 37.35 111.2 46.29 55.86 100.35 100.35 100.35 100.35 85.49 107.19 103.26 122.65 106.82 106.82 95.77 95.77 126.1 126.1 
5.3 5.81 5.81 6.14 6.14 3.55 3.57 12.31 12.31 4.95 7.77 8.07 0.66 0.66 0.0 1.56 3.31 4.23 4.23 5.54 7.43 15.23 9.18 3.77 3.77 55.67 11.62 15.18 15.1 15.1 25.04 25.04 29.38 23.72 23.12 41.59 41.59 37.72 37.72 111.11 46.86 56.09 100.73 100.73 100.73 100.73 85.42 107.06 103.12 122.52 106.72 106.72 95.75 95.75 125.86 125.86 
6.59 7.12 7.12 7.65 7.65 5.09 5.1 13.66 13.66 6.38 9.27 9.57 1.67 1.67 1.56 0.0 1.85 2.67 2.67 4.4 5.87 14.26 7.92 2.25 2.25 54.12 12.74 16.23 15.45 15.45 25.13 25.13 27.83 22.17 21.57 40.06 40.06 36.42 36.42 109.57 47.63 54.62 101.98 101.98 101.98 101.98 83.88 105.54 101.61 121.0 105.18 105.18 94.19 94.19 124.43 124.43 
8.44 8.96 8.96 9.45 9.45 6.86 6.87 15.51 15.51 8.22 10.7 11.0 3.52 3.52 3.31 1.85 0.0 1.4 1.4 4.39 4.42 14.11 7.43 0.56 0.56 52.55 14.55 18.0 16.78 16.78 24.47 24.47 26.26 20.67 20.04 38.67 38.67 35.59 35.59 107.83 49.21 53.4 103.81 103.81 103.81 103.81 82.14 103.76 99.81 119.21 103.42 103.42 92.5 92.5 122.59 122.59 
8.99 9.51 9.51 10.26 10.26 7.73 7.75 16.04 16.04 8.92 11.88 12.19 4.25 4.25 4.23 2.67 1.4 0.0 0.0 3.29 3.21 12.8 6.06 0.9 0.9 51.44 14.82 18.16 16.31 16.31 25.57 25.57 25.15 19.51 18.9 37.44 37.44 34.2 34.2 106.94 48.98 52.09 104.1 104.1 104.1 104.1 81.24 102.95 99.04 118.41 102.57 102.57 91.53 91.53 122.01 122.01 
8.99 9.51 9.51 10.26 10.26 7.73 7.75 16.04 16.04 8.92 11.88 12.19 4.25 4.25 4.23 2.67 1.4 0.0 0.0 3.29 3.21 12.8 6.06 0.9 0.9 51.44 14.82 18.16 16.31 16.31 25.57 25.57 25.15 19.51 18.9 37.44 37.44 34.2 34.2 106.94 48.98 52.09 104.1 104.1 104.1 104.1 81.24 102.95 99.04 118.41 102.57 102.57 91.53 91.53 122.01 122.01 
8.59 9.06 9.06 10.42 10.42 8.29 8.33 15.21 15.21 8.92 13.13 13.41 5.15 5.15 5.54 4.4 4.39 3.29 3.29 0.0 4.18 9.87 3.66 4.07 4.07 51.15 13.42 16.43 13.5 13.5 28.83 28.83 25.02 19.19 18.68 36.65 36.65 32.2 32.2 107.34 46.37 50.84 102.36 102.36 102.36 102.36 81.6 103.58 99.77 119.04 103.08 103.08 91.66 91.66 123.22 123.22 
11.93 12.44 12.44 13.37 13.37 10.89 10.91 18.88 18.88 11.98 15.08 15.38 7.4 7.4 7.43 5.87 4.42 3.21 3.21 4.18 0.0 11.36 4.64 3.87 3.87 48.24 17.37 20.51 17.57 17.57 26.72 26.72 21.95 16.3 15.69 34.25 34.25 31.46 31.46 103.87 50.49 48.99 106.48 106.48 106.48 106.48 78.15 99.95 96.07 115.41 99.53 99.53 88.38 88.38 119.27 119.27 
16.37 16.67 16.67 18.61 18.61 17.2 17.25 21.06 21.06 17.14 22.24 22.49 14.72 14.72 15.23 14.26 14.11 12.8 12.8 9.87 11.36 0.0 6.84 13.69 13.69 46.31 18.26 19.77 13.03 13.03 38.05 38.05 21.88 16.33 16.2 30.87 30.87 23.5 23.5 103.84 43.95 43.52 102.86 102.86 102.86 102.86 78.15 100.78 97.26 116.16 99.92 99.92 87.48 87.48 122.11 122.11 
11.95 12.39 12.39 13.93 13.93 11.91 11.95 18.17 18.17 12.41 16.79 17.07 8.81 8.81 9.18 7.92 7.43 6.06 6.06 3.66 4.64 6.84 0.0 6.96 6.96 47.96 16.01 18.62 14.18 14.18 31.23 31.23 22.03 16.15 15.71 33.24 33.24 28.55 28.55 104.53 46.98 47.25 104.11 104.11 104.11 104.11 78.77 100.95 97.21 116.4 100.35 100.35 88.66 88.66 121.09 121.09 
8.8 9.33 9.33 9.89 9.89 7.32 7.33 15.87 15.87 8.63 11.24 11.54 3.92 3.92 3.77 2.25 0.56 0.9 0.9 4.07 3.87 13.69 6.96 0.0 0.0 52.02 14.82 18.24 16.77 16.77 24.76 24.76 25.72 20.13 19.5 38.12 38.12 35.05 35.05 107.35 49.31 52.84 104.1 104.1 104.1 104.1 81.66 103.3 99.36 118.76 102.95 102.95 92.0 92.0 122.2 122.2 
8.8 9.33 9.33 9.89 9.89 7.32 7.33 15.87 15.87 8.63 11.24 11.54 3.92 3.92 3.77 2.25 0.56 0.9 0.9 4.07 3.87 13.69 6.96 0.0 0.0 52.02 14.82 18.24 16.77 16.77 24.76 24.76 25.72 20.13 19.5 38.12 38.12 35.05 35.05 107.35 49.31 52.84 104.1 104.1 104.1 104.1 81.66 103.3 99.36 118.76 102.95 102.95 92.0 92.0 122.2 122.2 
59.74 60.21 60.21 61.47 61.47 59.09 59.12 66.11 66.11 60.01 63.23 63.54 55.61 55.61 55.67 54.12 52.55 51.44 51.44 51.15 48.24 46.31 47.96 52.02 52.02 0.0 63.79 65.88 59.3 59.3 62.99 62.99 26.29 31.99 32.56 15.74 15.74 29.31 29.31 57.97 86.73 15.48 147.49 147.49 147.49 147.49 32.7 55.84 52.93 70.89 54.48 54.48 41.23 41.23 80.17 80.17 
6.42 5.96 5.96 6.97 6.97 8.88 8.91 3.12 3.12 7.15 10.81 10.8 11.16 11.16 11.62 12.74 14.55 14.82 14.82 13.42 17.37 18.26 16.01 14.82 14.82 63.79 0.0 3.66 8.44 8.44 34.24 34.24 38.04 32.16 31.73 48.72 48.72 41.51 41.51 120.54 35.76 61.78 89.28 89.28 89.28 89.28 94.79 116.92 113.14 132.37 116.35 116.35 104.64 104.64 136.62 136.62 
10.06 9.61 9.61 10.58 10.58 12.53 12.57 5.17 5.17 10.81 14.19 14.15 14.7 14.7 15.18 16.23 18.0 18.16 18.16 16.43 20.51 19.77 18.62 18.24 18.24 65.88 3.66 0.0 7.9 7.9 37.76 37.76 40.47 34.6 34.23 50.58 50.58 42.44 42.44 122.98 32.12 63.09 85.98 85.98 85.98 85.98 97.23 119.53 115.82 134.97 118.88 118.88 106.9 106.9 139.61 139.61 
11.72 11.56 11.56 13.51 13.51 14.12 14.17 11.51 11.51 12.79 17.91 18.01 14.46 14.46 15.1 15.45 16.78 16.31 16.31 13.5 17.57 13.03 14.18 16.77 16.77 59.3 8.44 7.9 0.0 0.0 39.96 39.96 34.71 28.98 28.73 43.77 43.77 34.77 34.77 116.86 32.92 55.64 90.25 90.25 90.25 90.25 91.17 113.75 110.19 129.14 112.93 112.93 100.49 100.49 134.73 134.73 
11.72 11.56 11.56 13.51 13.51 14.12 14.17 11.51 11.51 12.79 17.91 18.01 14.46 14.46 15.1 15.45 16.78 16.31 16.31 13.5 17.57 13.03 14.18 16.77 16.77 59.3 8.44 7.9 0.0 0.0 39.96 39.96 34.71 28.98 28.73 43.77 43.77 34.77 34.77 116.86 32.92 55.64 90.25 90.25 90.25 90.25 91.17 113.75 110.19 129.14 112.93 112.93 100.49 100.49 134.73 134.73 
28.51 28.8 28.8 27.3 27.3 25.96 25.92 33.0 33.0 27.51 23.63 23.71 25.7 25.7 25.04 25.13 24.47 25.57 25.57 28.83 26.72 38.05 31.23 24.76 24.76 62.99 34.24 37.76 39.96 39.96 0.0 0.0 39.95 36.67 35.89 53.26 53.26 55.8 55.8 110.72 69.64 69.1 117.12 117.12 117.12 117.12 86.33 105.07 100.56 120.08 105.64 105.64 97.85 97.85 118.86 118.86 
28.51 28.8 28.8 27.3 27.3 25.96 25.92 33.0 33.0 27.51 23.63 23.71 25.7 25.7 25.04 25.13 24.47 25.57 25.57 28.83 26.72 38.05 31.23 24.76 24.76 62.99 34.24 37.76 39.96 39.96 0.0 0.0 39.95 36.67 35.89 53.26 53.26 55.8 55.8 110.72 69.64 69.1 117.12 117.12 117.12 117.12 86.33 105.07 100.56 120.08 105.64 105.64 97.85 97.85 118.86 118.86 
33.58 34.06 34.06 35.24 35.24 32.83 32.85 40.16 40.16 33.79 36.94 37.24 29.34 29.34 29.38 27.83 26.26 25.15 25.15 25.02 21.95 21.88 22.03 25.72 25.72 26.29 38.04 40.47 34.71 34.71 39.95 39.95 0.0 5.88 6.34 13.43 13.43 19.22 19.22 82.53 65.36 29.22 124.73 124.73 124.73 124.73 56.77 79.12 75.5 94.54 78.42 78.42 66.65 66.65 100.25 100.25 
27.77 28.25 28.25 29.48 29.48 27.11 27.14 34.29 34.29 28.02 31.36 31.67 23.64 23.64 23.72 22.17 20.67 19.51 19.51 19.19 16.3 16.33 16.15 20.13 20.13 31.99 32.16 34.6 28.98 28.98 36.67 36.67 5.88 0.0 0.78 18.15 18.15 19.69 19.69 88.4 60.14 33.47 119.13 119.13 119.13 119.13 62.65 84.95 81.3 100.38 84.28 84.28 72.52 72.52 105.81 105.81 
27.24 27.72 27.72 28.92 28.92 26.53 26.56 33.82 33.82 27.47 30.74 31.04 23.05 23.05 23.12 21.57 20.04 18.9 18.9 18.68 15.69 16.2 15.71 19.5 19.5 32.56 31.73 34.23 28.73 28.73 35.89 35.89 6.34 0.78 0.0 18.86 18.86 20.43 20.43 88.82 60.08 34.22 118.93 118.93 118.93 118.93 63.06 85.31 81.63 100.74 84.66 84.66 72.99 72.99 106.02 106.02 
45.18 45.62 45.62 47.07 47.07 44.84 44.87 51.21 51.21 45.57 49.32 49.62 41.43 41.43 41.59 40.06 38.67 37.44 37.44 36.65 34.25 30.87 33.24 38.12 38.12 15.74 48.72 50.58 43.77 43.77 53.26 53.26 13.43 18.15 18.86 0.0 0.0 14.9 14.9 73.7 71.12 15.84 131.79 131.79 131.79 131.79 48.33 71.39 68.31 86.54 70.15 70.15 56.93 56.93 94.91 94.91 
45.18 45.62 45.62 47.07 47.07 44.84 44.87 51.21 51.21 45.57 49.32 49.62 41.43 41.43 41.59 40.06 38.67 37.44 37.44 36.65 34.25 30.87 33.24 38.12 38.12 15.74 48.72 50.58 43.77 43.77 53.26 53.26 13.43 18.15 18.86 0.0 0.0 14.9 14.9 73.7 71.12 15.84 131.79 131.79 131.79 131.79 48.33 71.39 68.31 86.54 70.15 70.15 56.93 56.93 94.91 94.91 
39.78 40.1 40.1 41.97 41.97 40.3 40.34 44.43 44.43 40.47 45.28 45.55 37.35 37.35 37.72 36.42 35.59 34.2 34.2 32.2 31.46 23.5 28.55 35.05 35.05 29.31 41.51 42.44 34.77 34.77 55.8 55.8 19.22 19.69 20.43 14.9 14.9 0.0 0.0 86.63 58.05 21.27 119.06 119.06 119.06 119.06 61.86 85.02 82.23 99.9 83.49 83.49 69.38 69.38 109.37 109.37 
39.78 40.1 40.1 41.97 41.97 40.3 40.34 44.43 44.43 40.47 45.28 45.55 37.35 37.35 37.72 36.42 35.59 34.2 34.2 32.2 31.46 23.5 28.55 35.05 35.05 29.31 41.51 42.44 34.77 34.77 55.8 55.8 19.22 19.69 20.43 14.9 14.9 0.0 0.0 86.63 58.05 21.27 119.06 119.06 119.06 119.06 61.86 85.02 82.23 99.9 83.49 83.49 69.38 69.38 109.37 109.37 
115.77 116.27 116.27 117.2 117.2 114.66 114.68 122.55 122.55 115.84 118.11 118.41 111.2 111.2 111.11 109.57 107.83 106.94 106.94 107.34 103.87 103.84 104.53 107.35 107.35 57.97 120.54 122.98 116.86 116.86 110.72 110.72 82.53 88.4 88.82 73.7 73.7 86.63 86.63 0.0 144.56 67.18 205.43 205.43 205.43 205.43 25.75 8.47 12.97 14.11 5.63 5.63 17.58 17.58 33.13 33.13 
42.04 41.63 41.63 42.7 42.7 44.59 44.62 36.65 36.65 42.88 46.03 45.94 46.29 46.29 46.86 47.63 49.21 48.98 48.98 46.37 50.49 43.95 46.98 49.31 49.31 86.73 35.76 32.12 32.92 32.92 69.64 69.64 65.36 60.14 60.08 71.12 71.12 58.05 58.05 144.56 0.0 78.71 61.02 61.02 61.02 61.02 119.42 142.51 139.39 157.62 141.21 141.21 127.41 127.41 165.33 165.33 
59.11 59.51 59.51 61.16 61.16 59.13 59.17 64.54 64.54 59.64 63.86 64.15 55.86 55.86 56.09 54.62 53.4 52.09 52.09 50.84 48.99 43.52 47.25 52.84 52.84 15.48 61.78 63.09 55.64 55.64 69.1 69.1 29.22 33.47 34.22 15.84 15.84 21.27 21.27 67.18 78.71 0.0 139.71 139.71 139.71 139.71 43.83 66.65 64.49 80.9 64.64 64.64 49.65 49.65 92.77 92.77 
95.44 94.92 94.92 95.0 95.0 97.51 97.52 88.48 88.48 95.87 96.49 96.27 100.35 100.35 100.73 101.98 103.81 104.1 104.1 102.36 106.48 102.86 104.11 104.1 104.1 147.49 89.28 85.98 90.25 90.25 117.12 117.12 124.73 119.13 118.93 131.79 131.79 119.06 119.06 205.43 61.02 139.71 0.0 0.0 0.0 0.0 180.12 203.1 199.81 218.33 201.94 201.94 188.37 188.37 224.95 224.95 
95.44 94.92 94.92 95.0 95.0 97.51 97.52 88.48 88.48 95.87 96.49 96.27 100.35 100.35 100.73 101.98 103.81 104.1 104.1 102.36 106.48 102.86 104.11 104.1 104.1 147.49 89.28 85.98 90.25 90.25 117.12 117.12 124.73 119.13 118.93 131.79 131.79 119.06 119.06 205.43 61.02 139.71 0.0 0.0 0.0 0.0 180.12 203.1 199.81 218.33 201.94 201.94 188.37 188.37 224.95 224.95 
95.44 94.92 94.92 95.0 95.0 97.51 97.52 88.48 88.48 95.87 96.49 96.27 100.35 100.35 100.73 101.98 103.81 104.1 104.1 102.36 106.48 102.86 104.11 104.1 104.1 147.49 89.28 85.98 90.25 90.25 117.12 117.12 124.73 119.13 118.93 131.79 131.79 119.06 119.06 205.43 61.02 139.71 0.0 0.0 0.0 0.0 180.12 203.1 199.81 218.33 201.94 201.94 188.37 188.37 224.95 224.95 
95.44 94.92 94.92 95.0 95.0 97.51 97.52 88.48 88.48 95.87 96.49 96.27 100.35 100.35 100.73 101.98 103.81 104.1 104.1 102.36 106.48 102.86 104.11 104.1 104.1 147.49 89.28 85.98 90.25 90.25 117.12 117.12 124.73 119.13 118.93 131.79 131.79 119.06 119.06 205.43 61.02 139.71 0.0 0.0 0.0 0.0 180.12 203.1 199.81 218.33 201.94 201.94 188.37 188.37 224.95 224.95 
90.04 90.54 90.54 91.5 91.5 88.96 88.98 96.81 96.81 90.13 92.49 92.79 85.49 85.49 85.42 83.88 82.14 81.24 81.24 81.6 78.15 78.15 78.77 81.66 81.66 32.7 94.79 97.23 91.17 91.17 86.33 86.33 56.77 62.65 63.06 48.33 48.33 61.86 61.86 25.75 119.42 43.83 180.12 180.12 180.12 180.12 0.0 23.17 20.67 38.21 21.83 21.83 11.85 11.85 49.13 49.13 
111.87 112.38 112.38 113.19 113.19 110.62 110.63 118.77 118.77 111.88 113.82 114.11 107.19 107.19 107.06 105.54 103.76 102.95 102.95 103.58 99.95 100.78 100.95 103.3 103.3 55.84 116.92 119.53 113.75 113.75 105.07 105.07 79.12 84.95 85.31 71.39 71.39 85.02 85.02 8.47 142.51 66.65 203.1 203.1 203.1 203.1 23.17 0.0 4.87 15.46 3.87 3.87 19.01 19.01 28.37 28.37 
107.99 108.5 108.5 109.26 109.26 106.67 106.68 114.93 114.93 107.96 109.77 110.07 103.26 103.26 103.12 101.61 99.81 99.04 99.04 99.77 96.07 97.26 97.21 99.36 99.36 52.93 113.14 115.82 110.19 110.19 100.56 100.56 75.5 81.3 81.63 68.31 68.31 82.23 82.23 12.97 139.39 64.49 199.81 199.81 199.81 199.81 20.67 4.87 0.0 19.59 7.54 7.54 19.16 19.16 28.86 28.86 
127.33 127.85 127.85 128.65 128.65 126.07 126.08 134.23 134.23 127.34 129.25 129.55 122.65 122.65 122.52 121.0 119.21 118.41 118.41 119.04 115.41 116.16 116.4 118.76 118.76 70.89 132.37 134.97 129.14 129.14 120.08 120.08 94.54 100.38 100.74 86.54 86.54 99.9 99.9 14.11 157.62 80.9 218.33 218.33 218.33 218.33 38.21 15.46 19.59 0.0 16.42 16.42 31.53 31.53 22.61 22.61 
111.45 111.95 111.95 112.83 112.83 110.27 110.28 118.29 118.29 111.49 113.6 113.9 106.82 106.82 106.72 105.18 103.42 102.57 102.57 103.08 99.53 99.92 100.35 102.95 102.95 54.48 116.35 118.88 112.93 112.93 105.64 105.64 78.42 84.28 84.66 70.15 70.15 83.49 83.49 5.63 141.21 64.64 201.94 201.94 201.94 201.94 21.83 3.87 7.54 16.42 0.0 0.0 15.98 15.98 31.78 31.78 
111.45 111.95 111.95 112.83 112.83 110.27 110.28 118.29 118.29 111.49 113.6 113.9 106.82 106.82 106.72 105.18 103.42 102.57 102.57 103.08 99.53 99.92 100.35 102.95 102.95 54.48 116.35 118.88 112.93 112.93 105.64 105.64 78.42 84.28 84.66 70.15 70.15 83.49 83.49 5.63 141.21 64.64 201.94 201.94 201.94 201.94 21.83 3.87 7.54 16.42 0.0 0.0 15.98 15.98 31.78 31.78 
100.18 100.67 100.67 101.75 101.75 99.26 99.28 106.81 106.81 100.34 102.99 103.3 95.77 95.77 95.75 94.19 92.5 91.53 91.53 91.66 88.38 87.48 88.66 92.0 92.0 41.23 104.64 106.9 100.49 100.49 97.85 97.85 66.65 72.52 72.99 56.93 56.93 69.38 69.38 17.58 127.41 49.65 188.37 188.37 188.37 188.37 11.85 19.01 19.16 31.53 15.98 15.98 0.0 0.0 47.34 47.34 
100.18 100.67 100.67 101.75 101.75 99.26 99.28 106.81 106.81 100.34 102.99 103.3 95.77 95.77 95.75 94.19 92.5 91.53 91.53 91.66 88.38 87.48 88.66 92.0 92.0 41.23 104.64 106.9 100.49 100.49 97.85 97.85 66.65 72.52 72.99 56.93 56.93 69.38 69.38 17.58 127.41 49.65 188.37 188.37 188.37 188.37 11.85 19.01 19.16 31.53 15.98 15.98 0.0 0.0 47.34 47.34 
130.99 131.51 131.51 131.96 131.96 129.35 129.36 138.05 138.05 130.8 131.81 132.09 126.1 126.1 125.86 124.43 122.59 122.01 122.01 123.22 119.27 122.11 121.09 122.2 122.2 80.17 136.62 139.61 134.73 134.73 118.86 118.86 100.25 105.81 106.02 94.91 94.91 109.37 109.37 33.13 165.33 92.77 224.95 224.95 224.95 224.95 49.13 28.37 28.86 22.61 31.78 31.78 47.34 47.34 0.0 0.0 
130.99 131.51 131.51 131.96 131.96 129.35 129.36 138.05 138.05 130.8 131.81 132.09 126.1 126.1 125.86 124.43 122.59 122.01 122.01 123.22 119.27 122.11 121.09 122.2 122.2 80.17 136.62 139.61 134.73 134.73 118.86 118.86 100.25 105.81 106.02 94.91 94.91 109.37 109.37 33.13 165.33 92.77 224.95 224.95 224.95 224.95 49.13 28.37 28.86 22.61 31.78 31.78 47.34 47.34 0.0 0.0 
